name: hil
channels:
  - defaults
  - nvidia
  - pytorch
dependencies:
  - blas=1.0=mkl
  - ca-certificates=2025.12.2=haa95532_0
  - cuda-cccl=12.9.27=0
  - cuda-cccl_win-64=12.9.27=0
  - cuda-cudart=12.4.127=0
  - cuda-cudart-dev=12.4.127=0
  - cuda-cupti=12.4.127=0
  - cuda-libraries=12.4.1=0
  - cuda-libraries-dev=12.4.1=0
  - cuda-nvrtc=12.4.127=0
  - cuda-nvrtc-dev=12.4.127=0
  - cuda-nvtx=12.4.127=0
  - cuda-opencl=12.9.19=0
  - cuda-opencl-dev=12.9.19=0
  - cuda-profiler-api=12.9.79=0
  - cuda-runtime=12.4.1=0
  - cuda-version=12.9=3
  - freetype=2.14.1=hfbffc0b_0
  - intel-openmp=2023.1.0=h59b6b97_46320
  - jpeg=9f=ha349fce_0
  - khronos-opencl-icd-loader=2025.07.22=h79b28c9_0
  - lcms2=2.16=hb4a4139_0
  - lerc=3.0=hd77b12b_0
  - libcublas=12.4.5.8=0
  - libcublas-dev=12.4.5.8=0
  - libcufft=11.2.1.3=0
  - libcufft-dev=11.2.1.3=0
  - libcurand=10.3.10.19=0
  - libcurand-dev=10.3.10.19=0
  - libcusolver=11.6.1.9=0
  - libcusolver-dev=11.6.1.9=0
  - libcusparse=12.3.1.170=0
  - libcusparse-dev=12.3.1.170=0
  - libdeflate=1.17=h2bbff1b_1
  - libffi=3.4.4=hd77b12b_1
  - libjpeg-turbo=2.0.0=h196d8e1_0
  - libnpp=12.2.5.30=0
  - libnpp-dev=12.2.5.30=0
  - libnvfatbin=12.9.82=0
  - libnvfatbin-dev=12.9.82=0
  - libnvjitlink=12.4.127=0
  - libnvjitlink-dev=12.4.127=0
  - libnvjpeg=12.3.1.117=0
  - libnvjpeg-dev=12.3.1.117=0
  - libpng=1.6.54=ha15c746_0
  - libtiff=4.5.1=hd77b12b_0
  - libuv=1.48.0=h827c3e9_0
  - libwebp-base=1.6.0=hbf3958f_0
  - libzlib=1.3.1=h02ab6af_0
  - lz4-c=1.9.4=h2bbff1b_1
  - mkl=2023.1.0=h6b88ed4_46358
  - mpc=1.1.0=h7edee0f_1
  - mpfr=4.0.2=h62dcd97_1
  - mpir=3.0.0=hec2e145_1
  - opencl-headers=2025.07.22=h885b0b7_0
  - openjpeg=2.5.2=hae555c5_0
  - openssl=3.0.19=hbb43b14_0
  - python=3.8.20=h8205438_0
  - pytorch-cuda=12.4=h3fd98bf_7
  - pytorch-mutex=1.0=cuda
  - sqlite=3.51.1=hda9a48d_0
  - tbb=2021.8.0=h59b6b97_0
  - torchaudio=2.4.0=py38_cu124
  - torchvision=0.19.0=py38_cu124
  - ucrt=10.0.22621.0=haa95532_0
  - vc=14.3=h2df5915_10
  - vc14_runtime=14.44.35208=h4927774_10
  - vs2015_runtime=14.44.35208=ha6b5a95_10
  - xz=5.6.4=h4754444_1
  - yaml=0.2.5=he774522_0
  - zlib=1.3.1=h02ab6af_0
  - zstd=1.5.7=h56299aa_0
  - pip:
      - brotli==1.0.9
      - certifi==2024.8.30
      - charset-normalizer==3.3.2
      - colorama==0.4.6
      - colorlog==6.10.1
      - dcm2niix==1.0.20260416
      - filelock==3.13.1
      - fsspec==2025.3.0
      - gmpy2==2.1.2
      - idna==3.7
      - importlib-resources==6.4.5
      - jinja2==3.1.4
      - joblib==1.4.2
      - lxml==6.0.2
      - markupsafe==2.1.3
      - mkl-fft==1.3.8
      - mkl-random==1.2.4
      - mkl-service==2.4.0
      - monai==1.3.2
      - mpmath==1.3.0
      - networkx==3.1
      - nibabel==5.2.1
      - nilearn==0.10.4
      - numpy==1.24.3
      - packaging==26.0
      - pandas==2.0.3
      - pillow==10.4.0
      - pip==24.2
      - pyqt5==5.15.11
      - pyqt5-qt5==5.15.2
      - pyqt5-sip==12.15.0
      - pysocks==1.7.1
      - python-dateutil==2.9.0.post0
      - pytz==2025.2
      - pyyaml==6.0.2
      - requests==2.32.3
      - scikit-learn==1.3.2
      - scipy==1.10.1
      - setuptools==75.1.0
      - six==1.17.0
      - sympy==1.13.3
      - threadpoolctl==3.5.0
      - torch==2.4.0
      - tqdm==4.67.3
      - typing-extensions==4.11.0
      - tzdata==2025.3
      - urllib3==2.2.3
      - wheel==0.44.0
      - win-inet-pton==1.1.0
      - zipp==3.20.2
prefix: D:\conda\envs\hil
